20.964
39.103
-10.813
63.009
-54.680
-0.789
-81.699
-20.014
39.429
-44.984
-6.950
53.131
35.026
20.127
62.097
45.551
-30.170
-23.327
-2.049
12.337
58.497
-46.780
-24.860
-66.570
62.120
51.896
59.508
-26.239
-90.244
-2.991
25.333
98.484
93.777
-62.231
35.639
11.735
-26.259
-20.639
-35.605
68.727
-47.758
39.254
5.986
-44.761
21.472
-1.534
-21.110
-71.598
-9.754
85.137
3.724
6.926
41.224
-16.395
3.362
93.644
65.876
20.238
2.522
-10.692
6.933
-42.738
32.858
-3.017
32.404
-11.451
55.874
-94.531
30.065
10.156
-19.394
48.226
1.448
61.264
33.575
-78.008
-57.900
53.661
-16.744
8.606
1.121
40.753
-61.981
14.621
-157.732
-40.045
83.984
108.124
8.003
-50.361
-38.581
5.184
17.836
56.476
-11.270
48.909
-35.329
109.392
107.210
-23.923
80.512
-42.404
66.788
-45.050
-11.898
67.890
-98.150
85.776
-26.328
-6.064
-11.637
52.586
21.429
-26.496
-0.494
66.401
-22.262
61.967
90.759
-25.803
-44.853
4.641
3.262
-11.865
46.520
5.842
-23.268
-45.764
39.435
-10.531
-76.517
56.140
47.709
-88.001
47.186
30.131
27.980
48.790
-5.980
34.332
-12.958
-38.224
58.270
17.166
-54.898
9.515
-10.779
-77.624
-55.365
151.645
-6.364
-73.574
17.783
5.015
33.356
-12.060
37.323
10.219
45.140
-18.313
7.883
15.041
68.478
40.591
-16.731
-26.743
-24.045
-24.341
73.310
-40.652
-33.263
0.268
62.322
-75.862
9.283
6.824
73.763
1.995
-65.834
-42.968
70.785
29.447
-32.063
78.539
19.792
13.619
-1.543
109.682
-8.571
-72.864
-64.337
36.795
-42.048
5.818
28.144
35.971
49.580
121.244
-11.267
49.677
3.241
-18.641
-81.071
-46.979
-40.750
41.070
68.041
-28.519
27.793
-15.543
-46.900
27.956
100.036
-151.614
-66.168
118.565
-53.149
40.691
78.155
82.378
-58.150
-78.738
-13.315
45.732
20.039
41.832
-92.827
-65.215
14.569
98.779
-8.207
13.972
-52.627
-135.765
108.773
58.572
-74.817
-40.933
22.585
-2.623
-50.273
-86.644
63.485
-78.768
8.146
-16.481
85.718
-74.635
-11.942
-46.814
29.051
1.788
-19.504
-82.636
-13.047
53.950
-10.758
-32.278
76.429
74.049
-92.985
-61.882
24.662
-37.609
40.722
35.053
35.559
59.217
58.868
-2.956
-44.860
14.834
85.943
46.014
-10.274
-6.180
-96.927
38.051
62.371
-45.775
12.215
76.490
-55.652
-82.336
31.589
79.871
-13.587
-150.670
20.175
45.173
72.898
117.988
-23.321
-128.969
-138.142
72.618
-19.182
-36.847
-41.617
-128.832
80.575
60.896
8.931
27.569
-99.361
-12.305
-87.179
25.190
68.166
-38.167
-101.889
-12.656
49.568
52.363
84.318
39.478
-59.471
-24.029
-17.328
-56.817
-42.018
132.207
-26.174
-150.769
31.778
33.861
-130.543
23.400
-2.826
-87.580
44.153
-47.720
-100.879
19.051
123.963
80.293
7.626
-97.980
20.673
-10.804
22.751
-0.361
-25.025
-30.498
2.303
-25.747
63.116
114.931
-20.435
-177.177
-10.914
95.896
32.835
-84.620
18.086
-39.845
11.706
2.335
-10.217
-84.324
-115.918
77.370
82.423
8.099
14.633
-44.936
-45.722
-42.372
13.877
3.096
48.507
50.155
-64.986
35.665
68.075
39.010
-71.124
-59.839
-2.597
-63.590
-42.710
39.438
0.510
8.705
-5.434
-28.595
-41.469
35.692
-0.062
-5.417
59.013
31.180
-38.565
-15.813
17.579
-27.980
28.223
2.365
-47.651
-58.441
-85.700
-22.925
119.872
24.181
41.309
-126.640
-34.377
33.278
33.441
34.402
-64.103
-14.233
25.534
58.723
52.188
32.839
15.251
60.202
62.386
-34.035
-124.169
-93.221
65.581
-17.385
25.161
-45.613
-46.580
102.531
68.379
36.515
-72.892
18.956
24.303
31.583
-30.323
-52.369
36.397
68.269
9.145
-22.638
-6.553
107.148
4.506
-68.917
64.418
-25.736
-41.613
-53.599
39.632
1.795
-18.339
-100.545
18.899
-84.410
-48.572
-8.464
-12.725
39.286
-7.077
-89.258
41.120
-25.871
3.877
-80.607
4.972
-23.948
-100.735
-7.492
-92.345
-11.766
-11.459
-63.879
81.379
-3.621
-27.351
107.136
-17.873
9.124
-10.612
-20.878
-56.133
44.202
0.856
-69.694
88.464
71.838
-88.358
1.298
80.851
52.957
8.762
-45.664
-47.907
28.819
50.239
84.329
32.142
-58.217
4.008
49.638
-12.711
5.442
-12.993
5.506
15.896
14.014
-57.191
79.762
-26.319
-64.823
22.282
-35.639
-38.833
-63.255
-63.112
81.220
-56.773
-78.378
67.386
14.201
32.041
-4.994
-76.993
74.515
10.894
-40.466
-3.470
-37.346
-31.655
-72.677
2.145
16.811
-38.650
-18.276
-34.410
60.349
-69.896
-58.818
113.751
38.865
-45.757
-35.235
-64.685
73.395
47.323
-15.443
-79.368
44.906
-79.082
-71.742
32.276
85.854
-76.501
-89.375
-9.014
156.234
41.473
64.363
-152.188
-58.497
45.163
12.495
28.658
11.540
83.932
18.817
-2.708
-54.545
21.345
43.589
10.828
1.066
39.404
22.954
-31.978
-39.410
11.143
-59.724
31.050
-78.363
-49.185
112.409
37.053
4.124
-71.907
-54.126
20.702
57.034
-44.112
6.201
-6.716
-57.979
29.845
59.781
42.281
-89.206
-51.148
115.870
-23.674
-46.093
-84.515
108.532
29.231
-172.687
39.999
20.099
59.344
20.794
-90.534
-8.977
16.384
-86.489
-19.610
64.425
-20.139
-91.881
-21.178
16.201
39.490
-36.807
-36.074
-85.973
31.613
71.360
51.778
29.695
20.158
35.205
-77.217
-93.560
28.778
48.697
27.022
-65.351
3.995
102.721
-31.242
-9.420
20.355
50.868
-98.752
25.207
59.950
-1.089
68.410
-117.660
6.324
19.225
41.997
69.218
17.309
54.309
72.340
75.128
-72.247
53.457
-17.165
38.290
-81.460
60.143
133.846
-87.513
1.112
6.567
38.628
-27.782
-105.941
129.210
45.716
-38.263
-79.590
-64.225
67.124
21.254
-86.618
118.969
5.529
-92.321
75.158
-26.878
11.590
-87.377
26.393
34.985
43.590
-25.465
40.318
-98.698
-80.816
-69.277
23.026
57.864
68.241
43.765
-48.153
-19.587
71.161
34.026
12.277
-93.727
3.319
18.045
-10.400
69.251
-5.438
11.755
-71.258
-19.851
-8.244
107.400
-2.657
-8.727
26.403
-27.339
-21.922
-16.380
37.921
-26.015
26.080
23.109
56.274
-66.269
-76.887
56.328
-23.559
114.179
-63.862
-23.050
78.654
59.788
55.916
-134.422
-78.815
63.130
48.172
35.103
14.655
-49.572
7.480
-80.574
5.041
65.818
-52.689
25.275
42.772
-17.940
-22.078
33.409
18.832
14.977
-57.375
23.884
38.408
47.444
-65.396
15.813
-29.163
-3.230
137.828
62.309
-122.704
29.847
51.455
-58.624
-18.894
-14.039
30.453
6.618
55.956
77.705
-11.060
-3.525
-19.444
40.781
12.854
74.415
-17.546
-80.628
6.731
59.507
-72.651
-40.475
-85.012
-84.540
9.058
82.228
50.197
-7.755
52.432
-144.025
46.105
64.684
-58.927
8.373
-55.688
59.824
55.000
-101.267
-64.291
27.357
92.487
-68.944
-48.822
28.026
16.625
9.198
42.118
-85.914
-10.391
31.172
42.038
74.373
4.189
-114.383
-40.775
68.893
-24.549
-4.527
114.374
84.757
-87.271
52.962
-56.098
-56.450
80.320
9.786
-112.828
0.382
20.116
5.487
-20.170
-26.260
35.121
-59.114
32.826
171.963
51.074
-15.263
-50.002
-11.812
-138.731
-22.521
-6.524
6.577
96.776
-6.335
-22.942
121.698
53.830
-121.496
-44.698
63.659
-108.046
38.738
-30.314
-40.214
98.351
51.402
-83.761
-31.478
-90.934
36.872
22.818
3.490
-166.166
-3.218
50.231
19.930
-32.174
-2.399
-58.472
150.576
-8.195
-12.004
128.592
-3.628
-53.829
-62.402
55.603
-53.392
31.785
32.548
-7.583
-82.178
87.775
39.954
-31.004
38.017
-44.312
-94.957
-8.614
6.642
-29.002
93.655
-45.383
-93.584
23.421
41.534
113.643
-92.435
-113.852
67.048
74.993
-119.971
69.611
42.438
-31.472
70.620
-43.265
-10.265
14.755
-12.227
-14.893
102.141
108.391
-71.779
-62.975
-81.106
59.175
69.012
-28.642
-67.996
-3.625
-34.351
-37.441
76.178
-5.647
-30.683
26.984
17.363
-102.000
-10.573
25.373
28.502
93.894
1.393
-46.315
74.565
-52.205
-43.457
-46.757
9.707
41.514
135.704
32.742
37.126
-40.897
-8.810
-40.731
-116.822
-33.310
-66.154
-16.951
33.220
45.551
-3.733
23.473
-127.636
-47.498
-0.298
-34.648
70.839
-11.585
47.151
52.484
-13.714
-96.562
5.835
61.130
2.284
101.020
-56.371
77.005
13.984
-14.820
105.568
7.147
-25.957
-15.694
-20.211
48.691
19.562
-86.133
-50.267
123.250
34.883
-34.031
-50.807
77.133
-50.439
-86.727
92.815
-37.933
8.080
73.788
-25.367
-57.209
-17.222
15.618
-21.244
33.743
57.611
49.785
33.563
1.601
18.099
1.418
-48.818
-59.926
-1.022
-35.349
15.338
-56.578
-37.890
13.256
-12.198
16.499
26.479
-54.634
20.893
-61.868
66.677
52.382
-86.044
81.142
1.554
-50.442
-115.748
25.599
-22.396
35.432
54.739
-18.886
30.927
16.764
18.266
-13.428
-84.530
25.514
57.816
71.808
64.392
49.082
-64.218
-109.267
-35.386
34.069
22.474
-75.138
-13.462
60.030
12.628
-10.407
-86.552
86.161
-103.199
35.162
33.018
-39.913
-60.384
7.024
85.069
-74.706
-42.887
74.151
8.371
-23.136
37.865
26.163
-23.363
34.124
-26.232
7.355
-68.463
20.429
-66.214
-49.766
8.338
-68.085
55.514
45.339
-102.323
-27.067
19.374
4.754
32.047
-33.944
15.204
-16.667
14.844
-2.073
21.354
-20.837
-3.905
52.897
-64.153
113.891
20.102
-98.209
-101.286
18.475
133.652
68.786
7.427
-63.024
-5.036
-71.817
-20.172
25.064
75.618
23.595
23.305
15.325
-21.550
-42.423
-26.111
-53.379
5.326
-11.107
60.969
35.113
-117.230
0.715
-102.217
-33.954
-59.952
32.680
75.087
-40.044
36.838
136.788
45.551
-46.969
31.522
12.900
-26.545
-51.418
10.829
48.697
-35.136
26.063
-20.179
9.246
27.634
-157.999
31.384
69.936
-0.106
2.553
-19.375
-3.251
-12.755
-20.175
-39.548
6.020
44.244
-15.651
-16.170
-33.678
31.194
15.392
-19.910
-41.451
45.704
67.187
1.643
3.593
-35.214
49.714
5.797
25.427
54.877
68.184
65.163
-42.940
-120.857
-33.763
7.213
-2.003
-84.553
50.527
-4.959
78.494
35.102
-89.655
5.877
43.824
-81.421
-13.794
20.252
-26.072
-120.775
125.100
-32.570
-60.728
4.687
64.079
-43.708
-59.387
7.034
74.760
43.937
-40.962
41.688
-22.540
41.141
49.582
-92.523
54.058
12.913
-19.263
11.796
43.439
-53.034
1.285
-2.309
64.601
21.008
-7.186
-56.044
-113.092
-21.880
59.200
81.810
39.238
-84.848
-51.854
41.427
5.740
7.348
-3.410
29.826
58.089
-14.213
36.045
62.148
48.039
-30.485
-78.284
4.035
-43.018
-58.326
94.161
1.841
-3.628
26.873
-28.146
-61.818
21.328
70.267
-131.668
9.921
124.089
-31.272
-37.046
-30.923
-6.744
-47.852
70.916
-16.417
-45.661
28.295
-19.765
58.720
38.932
16.654
74.334
32.098
33.610
-26.555
-85.537
5.216
21.909
-15.718
48.377
-0.090
-92.402
-15.128
12.010
5.318
-45.455
-15.180
-46.663
-25.088
-14.252
37.554
-22.020
66.566
-101.162
-32.695
-21.731
1.496
67.419
-94.572
5.858
32.109
-35.005
116.402
92.729
-85.251
12.301
-58.061
-8.961
-24.484
10.744
82.598
-82.458
-39.925
79.969
65.749
-53.808
13.479
-70.755
-50.914
27.650
114.128
-145.276
14.865
-8.923
20.314
-13.121
23.157
-0.737
24.499
16.961
-55.527
-15.240
69.487
11.335
-31.339
23.975
-12.000
-7.121
-22.026
66.919
97.841
-34.015
-13.052
-4.965
-55.067
-76.578
24.461
-8.160
23.502
22.298
-29.181
-38.197
31.266
-93.013
9.266
86.316
-49.709
0.373
7.230
62.847
34.617
-124.616
-33.205
164.306
-24.789
-11.277
26.961
-166.086
50.227
-12.356
-31.069
-44.242
8.133
41.836
26.300
28.967
3.132
-18.023
-123.248
-41.762
32.969
53.651
1.279
17.666
-95.958
88.204
48.977
7.750
13.751
29.215
13.279
-57.723
-6.108
-49.826
34.027
94.045
49.073
-57.048
63.704
-16.379
-16.089
50.799
-28.697
29.640
-79.852
7.798
-1.731
-2.078
97.538
22.493
-34.219
43.645
-36.741
-40.909
-14.480
35.650
-12.554
51.067
-28.368
-20.433
11.901
-9.803
-45.560
-5.314
-108.060
98.400
74.544
-61.656
-72.384
54.367
-69.204
70.955
23.924
-45.332
56.210
-16.517
14.115
14.681
-66.003
-64.510
103.065
2.888
-10.387
26.513
-58.060
-83.426
-5.290
108.689
80.422
63.837
2.404
-25.153
32.137
-110.933
23.332
53.925
-43.044
19.721
47.448
-41.989
-42.257
-28.529
34.398
-51.034
51.511
-108.021
-9.603
13.061
94.059
18.793
58.485
-1.196
-111.637
-72.255
48.503
2.345
-27.571
-3.045
45.157
77.218
22.639
-55.296
27.079
89.371
-30.924
40.979
16.298
-111.427
51.993
31.717
43.999
-59.595
63.826
-44.571
37.550
25.255
-47.778
28.599
39.042
-109.348
63.758
70.462
-0.922
32.787
-44.734
-106.907
11.283
24.739
9.767
-81.955
30.806
-14.857
-0.438
27.338
74.013
24.425
-53.017
-40.101
-30.348
-113.135
65.908
67.691
-51.898
31.388
-121.044
45.751
126.561
29.643
-55.089
-31.863
42.856
4.860
20.786
-13.714
-26.783
-43.322
11.582
69.532
-49.144
-36.439
4.864
47.725
-21.260
-19.453
-107.761
95.306
46.791
-13.899
77.148
39.771
-9.067
36.154
32.221
21.442
-78.323
11.602
80.478
-16.891
-57.374
-50.704
49.740
107.927
-103.000
25.547
69.115
-106.685
-61.332
-29.880
1.172
84.982
18.502
-70.128
-75.300
24.540
23.430
88.204
-10.772
0.800
-30.168
-58.646
4.446
-31.692
14.861
83.667
-19.413
-9.042
-14.021
37.039
-13.047
93.123
-92.069
-41.383
57.110
35.977
13.319
37.394
-56.625
-55.217
-108.703
-5.541
8.984
57.265
-6.855
93.556
16.812
3.693
-2.443
-38.426
130.379
-24.937
-32.384
70.145
-78.415
-22.634
-2.424
28.217
50.682
86.689
46.613
46.415
-121.928
-63.857
59.309
126.850
63.262
12.725
-43.386
42.420
-129.062
19.294
-74.104
-7.986
57.777
-7.242
-80.875
32.687
15.940
-29.001
4.381
20.370
7.723
20.881
-29.128
13.556
-49.517
-2.977
3.207
-75.366
3.211
93.642
85.365
-17.177
-24.072
-11.121
57.291
100.991
17.596
8.467
7.624
46.100
-33.381
-46.535
39.994
-5.109
-37.581
-10.158
26.911
5.680
51.128
-28.079
-66.712
104.122
20.005
-13.585
33.611
-90.720
-4.675
21.303
92.185
23.254
-14.286
-46.095
23.268
-57.557
-93.672
61.412
53.948
-17.227
18.136
-72.073
11.271
27.207
76.714
35.059
-47.554
114.002
22.449
-41.848
-49.335
-91.119
29.674
50.763
48.362
8.959
-13.101
-118.530
27.135
-16.647
-43.426
29.140
-40.101
48.968
53.681
-4.958
-54.271
-0.218
74.102
19.398
3.847
53.253
-12.838
-40.497
-74.928
-62.333
-71.694
94.173
-48.038
42.974
147.511
-9.446
15.612
32.501
4.459
4.465
-47.296
-30.024
-53.539
73.842
-22.680
113.211
-16.300
34.765
-4.097
-87.734
65.364
16.671
-10.687
-139.341
119.142
49.799
-11.094
-78.031
-18.237
14.149
21.721
10.757
57.479
-4.168
57.272
-51.900
-45.485
-1.421
-0.194
30.113
16.674
-53.651
2.205
36.725
-54.478
-16.221
32.580
-72.966
41.894
41.307
-23.330
-31.342
48.263
31.030
20.107
-41.752
-8.823
-23.553
70.016
0.692
-57.985
-74.956
-85.017
23.492
94.398
-42.856
30.631
37.817
-36.772
-40.371
61.242
-0.669
-17.735
-106.824
68.747
99.705
40.661
-18.986
-20.857
-115.227
46.094
-3.429
-40.710
32.473
-89.056
-35.660
-20.129
86.020
7.153
-31.464
-34.380
-54.543
92.914
-37.870
-69.178
22.412
6.023
2.772
71.963
12.016
-18.564
-97.129
-41.381
68.748
-19.722
93.533
63.910
-22.873
-97.013
62.973
53.941
-16.849
-62.011
-44.311
-34.874
38.980
12.705
-17.997
-11.294
56.991
-103.553
-14.647
39.192
-9.138
31.817
-22.408
39.493
71.936
-33.595
15.861
-14.889
-6.062
-10.395
42.851
36.732
-33.826
-63.082
-5.870
-10.010
-8.025
61.979
-31.741
-18.472
-41.281
-16.346
-43.835
-5.941
0.528
-57.657
7.036
46.587
49.616
-4.693
-121.235
-74.953
58.565
-80.059
-61.562
-37.991
35.881
-68.317
49.932
-35.690
-31.712
0.366
-43.357
99.685
-85.496
-27.342
1.389
-31.371
13.051
27.612
73.926
-80.033
4.875
97.135
30.159
26.591
4.549
-22.641
-45.841
-20.892
27.047
-7.064
24.209
-51.444
-52.588
-20.429
-10.493
9.644
15.109
63.100
17.397
55.026
17.389
21.145
-27.836
-32.733
26.074
-31.830
-5.131
48.800
68.661
2.346
-27.467
-18.341
-12.011
4.950
-38.590
-27.436
-48.635
-34.113
-54.239
-13.340
-6.121
-29.163
30.032
113.057
-68.878
-58.333
-11.482
-49.110
-22.564
79.089
32.251
57.968
32.630
-131.945
-17.952
-60.515
-17.240
78.797
39.624
40.861
-60.090
55.710
-43.886
73.610
49.835
-68.609
69.833
15.304
-14.435
-76.377
25.072
79.056
-44.020
-59.820
20.440
22.483
6.239
2.051
-104.564
-11.451
60.253
-24.451
-15.786
-2.732
3.698
-24.482
-22.076
9.879
-19.214
32.840
-20.754
-24.203
6.652
-60.456
28.238
-2.345
-7.310
-42.685
54.602
-24.666
-37.822
-35.967
-12.081
34.424
-88.670
-3.968
-1.582
-57.733
37.753
34.011
-35.418
68.863
31.938
-51.337
7.596
77.815
-83.241
31.246
50.664
61.948
-21.130
-63.520
40.094
58.843
43.861
-18.083
7.409
34.798
-30.910
65.964
-50.410
-22.623
-50.577
47.878
88.183
-32.635
-55.458
-12.925
-15.524
-12.564
49.058
-73.594
35.916
58.896
-71.236
9.839
9.928
25.740
-13.101
26.558
140.912
-6.267
-21.241
-38.954
-7.583
-70.053
-107.885
63.827
-45.439
0.627
17.017
58.742
-79.951
-63.640
-6.449
-36.571
13.277
6.296
67.602
9.859
-13.966
-15.492
-29.780
14.057
119.735
21.307
-34.386
58.330
-19.087
-26.020
13.015
64.085
-42.427
-18.104
0.247
87.099
47.965
-53.947
23.098
18.381
61.816
-19.825
6.042
-64.543
73.297
43.534
27.679
-13.569
-41.188
69.401
10.864
44.642
-36.067
-17.237
-58.736
-3.177
122.764
-106.867
18.371
-89.078
-92.245
79.565
88.241
61.738
-100.085
34.234
-30.614
41.069
-113.068
37.425
79.870
14.286
-8.962
-46.427
-25.733
-39.087
-84.323
-10.243
-50.483
39.393
41.724
2.668
79.874
-68.690
9.193
-29.264
112.409
34.881
-30.143
75.619
32.067
-94.056
-20.794
30.337
23.850
1.304
2.082
-20.274
28.569
71.143
5.007
-25.654
-75.222
-74.989
14.104
-17.772
13.269
1.517
-29.633
-25.566
-2.739
-10.917
79.207
-66.962
-54.104
66.859
-22.079
-48.406
-44.467
75.184
-72.464
-12.352
4.669
13.572
105.555
-89.208
49.335
39.289
93.296
-82.176
-23.930
49.742
67.800
-15.258
-157.264
-40.469
56.179
14.148
1.189
-105.764
8.275
-39.684
91.080
15.812
-70.325
46.638
23.569
-37.822
-63.066
10.672
88.667
-0.249
89.859
-24.159
-148.707
-40.001
-68.933
55.674
93.425
7.142
-13.213
-83.346
125.590
-4.685
-73.587
-81.723
-33.398
18.425
44.367
-49.451
-99.202
11.132
58.038
-49.103
21.747
66.543
-39.549
14.450
23.546
-48.963
-149.905
6.071
11.672
-65.812
20.408
35.174
-69.946
-31.282
-15.161
137.217
74.799
-49.439
14.680
65.011
1.200
-65.871
-9.753
-16.456
140.395
19.603
-8.551
-135.951
-101.734
14.894
40.618
32.656
-15.553
-43.576
68.001
56.296
-77.729
-24.312
47.274
111.607
-64.597
-8.093
51.410
-92.539
28.924
34.330
-13.618
-29.016
-52.412
-17.583
-22.643
87.798
1.097
-45.513
31.793
-38.973
-37.926
19.508
-85.772
-94.478
36.504
31.074
-43.153
0.430
-10.357
-88.766
19.364
78.352
2.122
-127.784
35.568
-74.206
-66.832
24.159
15.621
32.941
57.974
14.560
73.376
-60.717
-117.915
143.406
1.619
-68.491
45.746
23.841
20.439
-41.720
-109.049
33.078
-73.349
48.216
69.787
31.999
-111.622
-72.139
-10.430
-20.548
23.401
0.055
57.647
101.934
9.644
-61.282
26.009
115.821
-12.616
-96.632
1.273
-68.299
2.389
16.925
28.789
-11.587
31.890
-19.843
13.926
52.582
-67.025
-60.386
-24.220
-37.846
25.404
79.227
-20.465
81.553
8.622
-2.123
0.591
37.556
-86.771
-111.266
-20.037
93.706
-32.496
-56.308
138.730
54.835
52.502
-10.380
-64.098
15.933
1.243
-48.857
88.620
-58.963
-42.849
80.592
-61.198
-48.545
-30.594
-19.356
9.741
-9.002
4.263
7.209
-81.556
1.707
31.350
178.973
53.031
-68.514
-39.471
10.725
15.819
24.743
-9.084
-38.425
16.091
13.472
-87.279
54.084
67.769
62.847
-136.742
-108.045
26.278
97.565
32.419
-10.937
4.625
-126.086
-65.868
-58.388
-18.352
72.198
93.697
-29.941
15.096
-5.334
-44.014
0.781
-42.613
6.958
86.815
-67.936
6.118
0.354
-13.362
130.543
-43.356
-58.074
-47.342
48.782
-0.734
40.666
-32.586
-36.707
-14.371
1.687
60.354
-53.065
33.866
20.672
-23.870
15.665
40.520
-41.270
12.135
-28.284
-13.025
-35.140
81.046
-33.037
-106.596
70.569
48.365
-31.669
0.276
1.529
-81.452
40.881
64.833
49.652
-100.829
2.720
-23.580
-63.679
7.121
170.526
4.228
-50.903
-122.040
-11.091
-15.279
43.297
73.680
-14.166
56.732
-39.891
-139.101
-70.533
69.461
62.288
-7.519
79.564
11.712
-44.806
-116.647
66.466
78.021
-69.934
-71.439
-51.888
-46.571
8.781
130.958
-1.026
-12.723
42.458
-132.859
16.606
-10.174
20.450
20.071
39.996
-90.336
-20.794
30.163
-44.286
-111.600
7.924
55.455
-36.129
64.197
104.282
-50.269
-12.017
91.049
-109.893
-134.566
108.133
156.523
-87.630
48.927
-2.753
-37.748
-53.653
36.497
81.799
-59.210
13.150
78.339
-107.636
-56.001
21.134
51.901
-31.304
-39.248
43.522
0.770
3.965
-100.394
0.994
82.293
121.185
28.484
-19.239
10.242
-115.555
-75.698
123.570
-36.793
46.941
-36.180
30.205
28.489
-25.566
12.485
10.257
-116.491
-62.487
51.685
-59.624
27.235
-10.036
-34.977
-4.196
-111.310
60.337
11.299
11.305
-38.424
-57.321
-7.184
23.759
-4.124
41.370
-32.066
4.335
3.310
76.766
-50.665
-23.151
90.872
-14.632
-96.663
21.689
48.898
1.995
97.274
42.273
17.369
-122.811
-45.455
70.868
40.965
-24.705
59.436
-17.665
-89.269
-33.277
47.847
165.357
-42.922
-37.490
65.375
15.465
-30.061
21.662
39.944
-1.873
-0.068
85.418
63.809
-82.985
17.202
17.077
-75.925
-31.844
-47.602
-4.220
63.108
-34.768
-17.522
23.397
60.542
31.909
-54.042
-46.592
-57.776
24.160
131.358
-12.472
-51.018
24.114
-28.337
-56.666
-43.286
90.728
-21.609
-65.236
111.787
44.418
-7.571
-32.343
-64.663
-4.345
-3.756
-97.748
3.807
76.436
-30.502
85.576
-3.401
-33.853
27.744
-55.290
95.603
-41.133
-84.958
-25.498
91.846
-60.244
0.183
51.598
64.886
-67.318
-16.306
152.115
-72.162
10.043
47.792
43.130
-74.092
-76.926
44.871
-59.567
-64.734
12.781
-8.030
36.459
78.308
-39.202
20.946
-60.906
-100.726
-67.426
26.319
38.508
-26.332
-114.374
59.560
26.079
4.358
34.740
-58.007
-17.838
92.527
26.389
-33.846
15.872
29.957
-60.608
-48.747
122.006
-32.812
-55.709
7.639
3.289
-20.946
10.841
-167.790
38.952
10.691
-10.369
84.247
23.855
7.318
29.259
-100.089
-40.496
-51.875
-57.472
50.149
33.586
-66.818
-23.689
-18.140
-47.775
28.976
87.685
67.527
-129.603
-45.127
96.142
140.042
17.835
-17.629
72.106
-1.939
-98.026
44.466
-4.565
19.644
-58.714
-89.540
-61.062
-44.710
-23.467
70.161
0.025
2.783
-27.091
44.197
48.426
-63.134
-29.274
61.405
94.825
62.836
44.796
1.784
-43.931
-98.413
12.194
29.089
69.314
82.812
0.906
-90.205
67.734
8.373
-47.969
-20.164
-88.878
39.491
-3.602
-67.492
14.507
-55.155
13.130
-34.703
-46.130
86.528
39.005
6.903
23.572
-27.389
13.705
-56.663
20.307
-15.959
-0.980
29.500
-97.972
-56.798
70.942
126.394
52.004
-25.605
-34.650
-21.519
-51.346
-82.840
-9.322
4.136
-34.597
-24.621
-72.041
34.097
8.334
-19.982
-3.722
16.802
-18.548
-98.455
19.526
19.247
-11.908
42.939
-18.974
55.333
7.858
-53.597
-37.244
-15.093
86.361
12.463
42.504
-45.281
-62.283
91.513
-48.324
-4.255
14.752
-65.933
24.215
-26.017
16.644
84.012
-35.373
41.151
2.081
44.259
-59.923
-12.390
60.405
-109.247
47.546
-69.589
-71.676
52.724
-14.568
72.585
3.733
-132.186
20.981
-30.281
-14.943
-29.326
25.378
44.770
28.304
50.388
12.110
-59.107
24.238
75.200
16.117
-55.173
20.308
-32.181
25.847
16.271
-73.125
13.492
-3.593
-104.098
33.081
72.643
35.565
-51.240
-1.374
-41.950
-9.717
-8.358
-42.912
104.453
12.365
-13.661
30.944
3.037
-15.024
-4.276
36.845
4.071
-25.317
66.266
47.995
14.151
-72.159
-93.187
-34.570
14.046
24.152
-11.436
-123.683
-35.827
65.427
95.264
-24.934
110.857
-82.969
-51.939
83.959
32.080
-0.507
-44.701
-47.754
106.659
49.557
-32.203
-10.253
49.242
-6.178
5.758
-15.022
-4.150
-45.862
22.205
61.902
-66.011
-61.031
49.465
-23.590
-43.789
4.099
-2.072
86.567
-55.629
-27.480
44.753
-43.327
-107.654
54.748
123.876
-25.501
0.678
-67.832
43.292
7.359
-118.538
-70.140
163.223
-17.218
-28.564
-54.026
-43.689
55.377
-20.590
71.100
-3.985
-89.787
-38.438
-32.968
-48.656
-23.323
-28.533
-18.252
-48.033
47.524
22.106
-1.829
-11.304
24.137
61.390
66.002
73.490
-98.469
-114.850
-56.271
-12.976
40.302
-17.773
32.645
21.344
86.437
-29.696
-12.600
-38.525
-36.380
-13.151
48.502
52.082
12.099
50.932
18.771
-90.063
64.310
53.758
-11.526
75.397
-13.055
-113.604
84.628
-31.014
15.153
95.194
25.729
-46.706
-28.534
-49.280
-12.635
-103.044
27.835
97.117
68.987
-74.342
-63.176
-7.096
-1.164
-53.422
101.947
-5.217
5.155
-81.771
91.373
-54.109
-73.586
-25.893
21.166
51.853
-61.495
-105.874
-115.204
-51.797
57.595
66.298
51.708
7.937
17.876
-29.891
-97.824
-39.885
127.099
25.765
9.930
-40.185
-26.810
67.884
30.757
-34.933
-12.840
30.973
46.579
5.242
-48.108
-7.437
58.442
-76.950
-37.047
-18.248
59.241
-112.928
66.534
90.348
-67.794
54.309
-8.824
-104.590
51.351
45.324
-13.844
-0.970
21.279
-47.124
-24.821
18.050
52.352
-37.735
70.780
-14.319
30.120
42.951
-37.296
92.463
-61.590
-11.447
-32.831
134.154
-100.420
-43.027
14.298
-30.034
-4.349
-5.898
37.380
7.994
11.725
85.524
45.120
-15.770
15.755
25.458
41.443
-149.356
-70.232
26.025
-108.671
-70.301
-13.814
-23.332
2.237
5.645
-15.590
36.806
69.711
83.868
-72.319
-33.163
79.972
46.960
-113.034
25.430
-31.049
-5.568
39.684
82.794
74.253
-105.223
44.367
54.056
-90.333
77.093
65.123
-42.917
-4.919
70.954
-63.266
-35.939
54.257
75.423
-52.274
-2.493
38.926
-20.356
9.765
32.870
-45.359
-23.106
-9.790
61.374
-87.388
18.418
-21.021
84.842
-54.077
-17.606
30.182
-4.948
-51.135
18.774
66.713
-34.548
-39.475
-24.475
98.058
18.236
-97.186
-4.718
72.259
-56.203
23.659
91.845
-94.171
-70.181
-69.378
44.244
59.176
-24.261
-23.443
-39.264
1.881
87.871
-14.711
-14.545
182.251
-15.189
-75.530
6.379
-95.537
9.473
-28.194
109.386
72.376
-106.871
74.314
63.553
-59.051
-78.233
45.323
-19.797
-12.537
172.479
36.039
-60.048
-18.267
132.929
23.090
-69.742
-38.486
-72.201
-27.862
32.821
44.818
-90.843
90.885
6.351
33.540
-1.938
-2.541
93.136
1.010
-23.939
120.709
-3.717
-52.765
48.559
9.525
30.793
-73.223
-12.845
1.964
27.985
-144.762
-32.390
57.511
-97.711
-23.581
76.501
39.702
58.848
-5.668
-44.502
-40.540
41.763
56.793
-33.502
43.358
44.709
-162.291
-84.898
75.043
-48.093
-19.920
-6.311
-2.981
-23.179
-35.449
62.458
25.697
3.181
-57.584
34.903
51.628
-107.113
92.165
-32.892
-40.030
23.691
58.213
21.617
-35.385
-11.392
-6.080
49.319
32.160
-9.434
-140.202
34.501
19.868
25.098
61.031
-12.778
47.916
-70.714
-101.374
35.774
-9.803
-31.734
114.544
70.169
-12.206
-1.384
-37.795
32.902
-49.307
49.285
63.766
17.684
-60.196
49.223
-25.688
-113.576
-66.135
22.504
-1.559
-1.003
40.808
45.602
-25.793
35.538
17.150
-79.339
106.114
112.860
-70.318
-71.355
43.155
21.169
-78.322
24.890
14.500
1.346
-91.165
13.334
21.284
51.777
-95.866
98.817
23.360
-12.292
2.804
-58.436
62.315
-18.728
0.654
52.839
-13.717
-51.423
3.812
-69.100
63.162
76.866
77.845
-2.427
-60.719
71.918
-12.880
-88.393
52.601
14.943
-5.977
40.429
-50.870
-80.902
-6.694
15.319
-12.248
-23.025
-17.069
28.557
-11.869
14.069
79.287
-70.237
43.093
63.073
11.597
-62.166
-28.081
-19.280
-134.249
-23.660
22.554
-33.858
25.592
20.289
64.946
-36.010
-32.183
36.366
-81.995
-37.337
89.119
56.197
-81.855
26.589
31.836
65.648
-17.831
-48.185
-32.893
46.580
-5.296
24.256
-23.873
12.042
37.656
77.058
24.687
8.378
-14.408
17.077
16.199
29.674
-72.272
14.488
40.069
-114.057
78.702
-47.076
-137.238
31.323
-35.571
2.718
18.618
-101.664
0.900
114.783
31.920
15.783
-13.714
-12.371
66.875
10.407
6.260
108.789
15.338
-30.602
-49.180
-37.929
11.420
-64.077
6.555
-68.036
26.937
85.405
-12.551
57.702
-31.604
63.264
0.614
-35.676
-15.917
-41.349
-62.346
-9.672
-46.760
-35.153
61.191
49.577
28.392
11.269
14.121
-48.931
62.657
-24.689
-27.513
26.110
24.346
38.502
34.994
-68.254
-66.272
39.869
33.893
74.385
-42.036
-109.900
114.674
72.253
-171.372
49.790
-27.419
-87.532
89.466
-39.489
-42.814
123.997
-76.634
-22.876
-12.564
-49.714
56.223
37.433
-4.568
16.924
85.667
-10.608
23.993
12.059
10.567
64.987
48.664
-1.621
-101.333
-61.683
84.491
28.909
-0.816
-83.539
42.817
-48.258
35.086
-43.074
-60.228
40.423
-38.457
-8.297
-45.020
22.230
94.397
-8.024
8.886
59.216
-19.730
-74.610
53.849
7.384
-68.886
17.913
90.956
-91.976
13.405
13.607
21.463
18.978
-8.893
44.136
-39.649
-129.013
-43.573
95.923
-16.850
3.652
121.501
26.678
-59.372
-25.102
-95.627
7.201
99.494
-63.284
-39.370
9.242
102.091
53.996
7.423
51.691
-44.651
36.967
-7.044
-16.089
74.228
36.146
-4.552
15.376
-2.560
65.144
-58.765
150.297
-42.538
-107.185
-46.216
69.924
12.707
67.948
37.341
-85.731
65.547
-68.667
-8.842
-75.145
-52.879
-1.119
-54.956
67.255
36.720
-66.314
11.023
15.216
-14.649
-84.994
35.723
43.831
-33.500
37.453
76.429
-25.129
-56.232
-4.800
92.802
-71.376
-2.217
48.153
50.123
12.267
53.592
-52.574
-96.945
-54.477
-25.571
20.437
82.666
-38.221
-47.797
-5.216
49.290
22.446
36.291
-21.378
-10.607
-18.467
-2.424
29.787
-34.507
-0.345
-11.065
43.139
8.248
3.736
52.033
-41.109
91.449
-57.012
-26.308
39.888
12.479
-15.877
19.664
44.101
-154.739
22.974
-22.860
-32.239
19.671
-24.229
-0.731
-10.748
-23.446
-77.508
-69.778
42.771
26.422
-114.958
94.326
5.147
-71.645
-43.409
15.471
90.472
-48.404
-2.350
57.346
122.929
-101.465
36.427
72.504
-17.611
-42.568
47.216
-44.083
78.107
49.576
-78.828
-12.918
-63.111
-55.852
21.350
118.791
-10.943
-48.424
32.124
-48.492
-103.454
25.387
58.541
12.079
18.705
4.642
-132.209
73.311
-48.663
19.519
137.434
-51.563
-37.061
-80.005
10.203
31.920
-18.592
-76.194
7.322
49.727
-129.425
21.272
87.937
-32.508
88.201
-50.344
-76.624
-1.030
17.514
17.786
33.900
8.996
-118.843
-50.360
78.451
3.448
5.596
-21.836
-27.176
61.530
-70.380
9.605
103.633
7.109
-48.259
49.904
79.422
-76.437
10.895
43.183
1.423
76.546
-98.109
-83.680
92.146
9.941
20.574
-40.555
34.441
-64.018
-18.498
47.685
46.708
-61.508
-0.164
48.843
10.697
-40.984
-138.082
-92.402
129.178
29.431
-64.378
84.127
-108.024
-44.738
-15.835
35.053
-40.043
-21.474
-78.856
66.754
59.618
-122.108
11.963
70.329
-61.431
-13.533
-60.173
-51.319
78.654
33.022
24.285
57.528
37.080
-22.508
30.794
-2.393
-42.489
26.020
-14.348
18.859
42.805
-53.748
58.460
28.627
-22.986
36.156
3.803
-45.613
-120.625
43.258
37.064
61.953
73.417
-84.303
-73.342
94.583
7.184
18.376
-1.576
31.598
32.524
-51.868
18.484
-21.508
-76.612
-30.330
45.719
22.479
-23.724
12.553
-5.741
90.151
-72.590
-135.019
88.976
-5.733
11.845
-39.355
-65.294
-23.104
-39.805
-35.535
7.555
33.384
-2.279
24.960
-7.779
-18.960
50.571
-63.914
-0.596
77.722
58.048
-20.119
24.506
24.159
17.090
5.301
-53.268
17.526
168.931
32.323
-18.738
-44.034
-132.435
82.190
-62.422
-67.422
49.881
4.191
-35.288
-34.724
71.590
-18.024
50.859
7.813
-184.161
-9.145
51.971
-21.306
76.708
33.236
67.938
66.520
-82.592
29.142
26.544
-48.045
-24.191
52.713
-73.431
-22.176
4.228
-107.415
-8.297
53.427
-2.462
18.907
-46.678
18.032
-61.267
-34.589
-20.062
-31.584
44.716
-7.256
-8.766
45.631
-47.999
-76.100
2.382
99.600
-52.215
-9.057
-23.209
14.217
-116.893
46.540
120.204
56.289
-49.561
27.785
-25.788
56.367
-11.481
-40.044
82.343
20.614
0.392
-91.186
-7.753
50.671
-49.869
21.066
-154.256
-12.721
5.023
-67.550
4.754
-64.043
22.143
51.331
-39.513
14.067
8.800
21.731
27.063
-52.342
8.041
-4.137
2.544
-7.068
-10.224
-79.688
-57.491
-8.590
-111.069
-26.561
-26.922
19.781
-44.641
-6.626
-30.596
19.803
-79.566
71.877
20.477
69.456
30.590
-87.529
60.343
-71.787
20.172
75.012
31.260
-41.192
-36.072
-21.834
27.006
-23.594
-35.881
-1.264
-38.438
-85.719
75.821
-81.851
-14.209
19.126
42.399
27.650
-1.913
-70.284
23.943
26.526
-3.804
-99.935
-22.347
-67.648
25.444
49.606
-17.083
-47.667
-26.392
30.003
65.051
-40.625
-32.736
-17.651
-7.122
50.621
29.398
24.365
6.630
-0.572
-108.238
-98.837
10.892
18.980
13.285
-101.871
-33.858
12.209
80.077
31.663
-83.727
-150.492
-3.638
55.403
53.031
-16.944
-81.898
10.634
-48.502
12.226
-8.722
81.147
67.268
-150.850
-25.614
83.062
25.356
-54.512
20.915
52.686
-36.214
18.125
-40.597
-21.098
-24.043
-62.090
53.017
28.722
47.530
-67.447
59.264
7.012
-11.528
-155.845
-57.601
-14.976
67.408
44.702
19.380
-67.594
-14.057
12.936
42.655
-1.215
0.864
-29.191
29.229
54.252
-31.979
-20.849
-36.608
10.333
-54.962
-47.454
16.446
69.748
-0.287
-126.380
-55.436
64.064
0.665
-61.199
46.075
-47.495
-20.668
32.421
11.116
-71.776
23.818
-22.114
54.645
-40.588
-33.693
16.587
-21.185
13.769
-31.683
136.886
81.319
-110.149
-32.080
84.267
6.230
-82.304
6.426
-54.311
1.930
66.295
-71.267
10.177
-37.129
-11.322
-0.672
71.250
-69.373
-76.460
-43.001
49.724
127.004
15.433
-75.570
-42.034
58.485
44.359
-20.543
34.553
